data = [0+1j*0 0+1j*0 0+1j*0;
    0+1j*0 0+1j*1 0+1j*1;
    0+1j*0 1+1j*0 1+1j*0;
    0+1j*0 1+1j*1 1+1j*1;
    0+1j*1 0+1j*0 0+1j*1;
    0+1j*1 0+1j*1 0+1j*0;
    0+1j*1 1+1j*0 0+1j*0;
    0+1j*1 1+1j*1 1+1j*1;
    1+1j*0 0+1j*0 1+1j*0;
    1+1j*0 0+1j*1 0+1j*0;
    1+1j*0 1+1j*0 0+1j*0;
    1+1j*0 1+1j*1 1+1j*1;
    1+1j*1 0+1j*0 1+1j*1;
    1+1j*1 0+1j*1 1+1j*1;
    1+1j*1 1+1j*0 1+1j*1;
    1+1j*1 1+1j*1 0+1j*0];

input_size = 2;
output_size = 1;
save xor.mat data input_size output_size

V = [0.557+1j*0.754  1.091+1j*1.187;
    0.867+1j*1.365   0.619+1j*0.846;
    1.131+1j*0.732   0.538+1j*0.666;
    1.217+1j*1.304   0.958+1j*0.655;
    1.192+1j*1.408   1.369+1j*0.691;
    0.584+1j*0.731   1.434+1j*0.922;
    0.954+1j*0.739   0.764+1j*1.355;
    0.941+1j*0.549   0.660+1j*0.990;
    0.853+1j*0.578   1.372+1j*1.315;
    0.653+1j*1.140   0.737+1j*0.960;
    1.175+1j*0.690   1.145+1j*0.957;
    1.199+1j*1.343   1.466+1j*0.950];

y = [0.304413 - 1j*1.816298     -0.304413 + 1j*1.879956;...
    -0.304413 + 1j*1.879956   0.304413 - 1j*1.816298];

S = [ 0.557+1j*0.240 0.415+1j*0.499 ;
        0.033+1j*0.504 0.967+1j*0.308 ;
        0.931+1j*0.076 0.057+1j*0.798 ;
        0.473+1j*0.009 0.477+1j*0.976 ;
        0.587+1j*0.534 0.412+1j*0.214 ;
        0.825+1j*0.302 0.178+1j*0.532 ;
        0.651+1j*0.347 0.303+1j*0.378 ;
        0.029+1j*0.071 0.975+1j*0.788 ;
        0.278+1j*0.661 0.644+1j*0.172 ;
        0.775+1j*0.105 0.191+1j*0.732 ;
        0.397+1j*0.305 0.623+1j*0.474 ;
        0.726+1j*0.735 0.264+1j*0.154;];
    
data = [V S];
    
input_size = 2;
output_size = 2;
save PS_load.mat data input_size output_size